t0	7.945600000049504	399.400004421642	680.1200054729783
t1	19.597993830763798	122.05550187520248	347.6944713093651
t2	20.71745152744569	122.26310993307938	347.94740841683256
t3	17.70795025015578	63.34891946488115	600.7674457342798
t4	17.547654331805358	63.46677038798632	600.8888966081396
t5	27.801720236535015	871.6383283391206	913.2978579825302
t6	21.77509371584509	669.0204032850137	812.4285016609026
t7	21.532000006910717	669.0599974941331	812.3799169070522
t8	21.08388888902434	734.8833446993312	459.4500025032456
t9	21.08388888902434	734.8833446993312	459.4500025032456
t10	19.228407915481245	671.7902442366222	790.6612600780298
t11	19.090954906213454	671.8412008847555	790.6507623499151
t12	67.1620852392926	269.92167550533395	299.88247752783116
t13	78.34181457970817	271.3175307649228	298.987568979489
t14	78.34181457970817	271.3175307649228	298.987568979489
t15	36.74421084208525	667.4459069402861	829.7390842602098
t16	54.30285448276065	668.2593242517927	831.8208185582785
t17	54.30285448276065	668.2593242517927	831.8208185582785
t18	54.30285448276065	668.2593242517927	831.8208185582785
t19	137.19758687560233	271.480549027004	299.98466341029786
t20	137.19758687560233	271.480549027004	299.98466341029786
t21	139.18195009122968	271.6122732177879	299.7804023775462
t22	149.47009833195605	272.19471578943177	299.2088901551341
t23	149.47009833195605	272.19471578943177	299.2088901551341
t24	149.47009833195605	272.19471578943177	299.2088901551341
t25	148.6245680733938	272.1655581219956	299.18656602985874
t26	147.72299854659713	272.13680291836977	299.19218631519215
t27	52.28249554137031	675.8841667482368	791.7865345343205
t28	52.28249554137031	675.8841667482368	791.7865345343205
t29	52.28249554137031	675.8841667482368	791.7865345343205
t30	52.28249554137031	675.8841667482368	791.7865345343205
t31	52.28249554137031	675.8841667482368	791.7865345343205
t32	52.28249554137031	675.8841667482368	791.7865345343205
t33	52.28249554137031	675.8841667482368	791.7865345343205
t34	52.28249554137031	675.8841667482368	791.7865345343205
t35	52.28249554137031	675.8841667482368	791.7865345343205
t36	73.55675247939254	673.8938225417901	793.020349106392
t37	73.96320018559047	673.8204243820738	793.1200740971663
t38	73.65684035095555	673.8063814612697	793.109520224182
t39	73.37861500389101	673.7924776730551	793.0941180090949
t40	73.37861500389101	673.7924776730551	793.0941180090949
t41	73.37861500389101	673.7924776730551	793.0941180090949
t42	73.37861500389101	673.7924776730551	793.0941180090949
t43	73.37861500389101	673.7924776730551	793.0941180090949
t44	73.37861500389101	673.7924776730551	793.0941180090949
t45	73.37861500389101	673.7924776730551	793.0941180090949
t46	73.37861500389101	673.7924776730551	793.0941180090949
t47	73.37861500389101	673.7924776730551	793.0941180090949
t48	73.37861500389101	673.7924776730551	793.0941180090949
t49	73.37861500389101	673.7924776730551	793.0941180090949
t50	73.37861500389101	673.7924776730551	793.0941180090949
t51	73.37861500389101	673.7924776730551	793.0941180090949
t52	73.37861500389101	673.7924776730551	793.0941180090949
t53	73.37861500389101	673.7924776730551	793.0941180090949
t54	73.37861500389101	673.7924776730551	793.0941180090949
t55	73.37861500389101	673.7924776730551	793.0941180090949
t56	73.37861500389101	673.7924776730551	793.0941180090949
t57	73.37861500389101	673.7924776730551	793.0941180090949
t58	73.37861500389101	673.7924776730551	793.0941180090949
t59	73.37861500389101	673.7924776730551	793.0941180090949
t60	73.37861500389101	673.7924776730551	793.0941180090949
t61	73.37861500389101	673.7924776730551	793.0941180090949
t62	73.37861500389101	673.7924776730551	793.0941180090949
t63	73.37861500389101	673.7924776730551	793.0941180090949
t64	73.37861500389101	673.7924776730551	793.0941180090949
t65	73.37861500389101	673.7924776730551	793.0941180090949
t66	73.37861500389101	673.7924776730551	793.0941180090949
t67	73.37861500389101	673.7924776730551	793.0941180090949
t68	165.30805682281007	218.2843089375186	290.8596259153738
t69	177.31313067434132	219.92043297392348	297.3481496086559
t70	181.74750313003736	219.43952435691713	297.15156097008395
t71	187.71735948897776	219.1224661399667	297.6896628634843
t72	187.6069376814631	219.14546844211802	297.68244213637
t73	190.59125107214922	219.12050698368628	297.430174761878
t74	189.65584440784218	219.12569178516475	297.4369309712822
t75	195.72655140592627	218.41008587253415	297.8003150863451
t76	202.0218577075009	218.64603900791764	298.6322881707874
t77	201.0699418298334	218.70119538196562	298.6433030838317
t78	202.8616901372642	218.69367085156262	298.4311506221867
t79	637.0648431197961	238.71549923272838	294.03771645691637
t80	636.3789726076163	239.1308169756957	293.99252777480837
t81	661.7044636172648	240.76053816500738	294.58333952876035
t82	669.7628002432374	240.9108192781948	294.2221824003091
t83	715.0858125786476	241.33791643711163	292.45234416526193
t84	836.2287783006299	238.00277923016907	295.6930678704263
t85	991.2697172974349	235.5542976556131	299.0101834314733
t86	1044.6291742294825	237.03403322991278	297.5556027396439
t87	1111.901173299634	236.41572140571972	297.8607881900225
t88	1153.349299153629	237.0870288878795	296.86015565583426
t89	1307.928377370582	239.8718404136841	293.38383014293504
t90	1332.485603712072	239.96586137836314	294.3040868789602
t91	1463.4915824270736	240.45995397304776	296.8936754913323
t92	1534.215694686168	240.78275798648136	297.6728567048956
t93	1645.104615586812	240.55764411975974	297.1939538126077
t94	1748.2249776051133	241.88887267276746	296.88602853096165
t95	1848.5079589005786	242.1480984164344	297.15333844767656
t96	1970.9722889495822	242.0209355386581	295.93529841047575
t97	2093.9241861018795	241.11418039993382	295.17696346013264
t98	2181.5882180621234	240.1680266693091	295.5198888668957
t99	2347.5696089989633	239.8489499332484	294.05007162542944
t100	2475.1723320128394	239.77161274050846	293.9959942637817
t101	2618.873708808023	239.28824425032428	294.39987205587823
t102	2797.492338480761	238.14860399612536	294.09865279773635
t103	2917.8704190862222	237.53904045973883	295.02992994554467
t104	3030.486778225689	236.63792600287576	294.66567574204123
t105	3189.2766611799293	236.91455421863785	294.3309194021422
t106	3320.7193332881366	236.2187174348043	293.9679540258021
t107	3523.196303064582	234.19765883365682	292.23952373825153
t108	3702.9740273663633	233.51540324980172	292.3955258036918
t109	3979.5125136686497	232.2994505094924	292.1632131378146
t110	4141.636686711178	231.19653614379763	292.11869286680354
t111	4374.007948225712	230.25127430966813	292.33667487255775
t112	4639.757387121977	227.1421332617209	293.2889382181242
t113	4917.2281913626375	225.5898325547154	294.24894858522833
t114	5214.710267213027	226.04155769052784	295.352698193902
t115	5459.373048292994	224.78008851293814	295.39938734821806
t116	5745.164676978485	224.61240957622365	294.80049331096507
t117	6245.600547606167	224.08488150368913	296.5714159797458
t118	6628.050697195798	222.52837152257788	295.09206454341285
t119	6912.704217168914	221.86976633765966	295.58141209209606
t120	7298.732886041015	221.20521186278475	295.735640132177
t121	7618.3898117445015	221.77447120334006	295.43129177456933
t122	7990.496237906181	221.4890674362658	295.5039906280901
t123	8313.145549091265	221.8418645901545	295.1428454748047
t124	8684.819471112518	221.2826229903225	294.0546404499572
t125	8969.920688781922	221.65928609004536	293.44151886485156
t126	9257.861251252712	221.17700595989058	293.707703247817
t127	9540.218681506385	221.03823313739773	293.49321410207904
t128	9995.561452669686	221.13359275066097	292.41551921195685
t129	10396.269007891946	221.37591340497076	291.99736332852353
t130	10833.122882009826	222.31221903973076	291.52876591017144
t131	11270.712677324304	222.73201558371855	291.44197334633225
t132	11668.045697172447	222.6753975581001	291.2144522407874
t133	12055.213512714741	223.42084950070648	291.89985336118815
t134	12605.83048207983	222.9166539174008	291.24008174716624
t135	13129.538118634207	222.94407602367207	290.67280943244725
t136	13625.501012069722	223.6579041145791	290.51824279238497
t137	14121.095193942621	222.9341789300394	290.350243594809
t138	14711.86054047057	222.57517903358212	290.3097703918462
t139	15308.701305152128	221.95653657054416	290.37903750001635
t140	15845.023216087535	222.09537068891473	290.86083953350095
t141	16626.828239608887	222.0701828603022	290.17962550640397
t142	17281.441711350843	223.0023776407523	289.5060255129569
t143	17892.02174525619	224.04954071981064	288.4682544109423
t144	18536.731018988463	224.78020255252486	288.3997691759021
t145	19241.401649027084	225.85590083600857	288.53864451501374
t146	19839.56068805221	226.23814883369369	289.01778866095367
t147	20610.55446450632	225.7588376443405	288.73071019673625
t148	21288.221411885956	225.93371626906102	288.56738331832565
t149	21819.075764232366	225.72869770377514	288.49540432560894
t150	22503.247855695216	225.67689289701676	288.24570657344526
t151	23247.44149976023	224.41478719101454	288.1185496077359
t152	23986.580188895387	224.4256323794713	287.4054974159363
t153	24644.473414158674	224.38706560439806	286.7999481098259
t154	25375.49069650458	224.50823305000128	286.2694877882015
t155	26060.27824245466	224.55486743551415	285.8715073076599
t156	26933.04465103803	224.03465698457933	285.1891761016012
t157	27709.107157928218	223.5076032313933	285.3706133426237
t158	28462.492149638452	223.62638845606008	285.373039787633
t159	29244.206410274845	223.58923012536658	284.7768184323995
t160	30124.2000229779	223.58935160398806	284.53033518993857
t161	30919.169728833513	223.5250374795475	284.7776944528912
t162	31834.21565862291	223.72395205109424	284.88167242200876
t163	32789.435274686126	224.12335949658197	284.7136183780788
t164	33938.55826887653	224.36458081073187	283.95565042277826
t165	34942.08535236627	224.55016657082024	283.7122722718701
t166	35878.11980531991	225.21387859325245	283.6532581905453
t167	36669.133891391975	225.6636073110799	283.07397627634435
t168	37569.91374837852	225.57481730889202	283.17340338654896
t169	38558.31702041004	225.14860800296816	282.7425011278367
t170	39539.846488159645	225.63991699728734	282.36937874569173
t171	40639.75534392979	226.25236951625453	282.0575994866368
t172	41768.92976170772	226.10896533133035	282.5365100238379
t173	42884.734064993405	226.8486051924387	281.5718883273398
t174	43993.520258500845	227.45943640656424	281.723973196327
t175	45154.93990044648	227.57879789734184	281.54564129297773
t176	46179.12695087411	227.55350265207696	281.33528129893597
t177	47318.478368771604	228.02077875904217	281.49150189211025
t178	48349.65702334411	228.46698413041838	281.25331009860133
t179	49699.0911783766	229.22021044720367	280.99685562183186
t180	50837.32700341175	229.31562893995698	281.3993814270999
t181	51930.34678957603	229.11145909093312	281.5419716297522
t182	53010.82273567057	230.03348741765765	282.0378560364654
t183	54301.98794592616	230.05181464835755	282.0175864413119
t184	55339.159225655145	230.0279595645508	282.22460989865084
t185	56513.69484859396	230.5737000626237	282.56082312168184
t186	57685.75525905654	230.9016649539619	282.7953032530485
t187	58906.80314799462	231.61012289618802	283.5201099502593
t188	60040.21727897854	231.81573566570927	283.45930264483786
t189	61156.79486798995	231.76770520590287	283.717068052035
t190	62383.30060102925	231.6751285291845	283.77022606454227
t191	63595.9028912733	231.2467718383215	284.011241466358
t192	65020.725926582316	231.20129566889187	283.29294161123977
t193	66311.6193998246	231.1257410943747	282.89232407836363
t194	67514.02675313105	230.90267836362023	282.355483977374
t195	68653.64904880841	230.93137017145295	282.17239023433217
t196	70037.22078373384	230.53804351596492	281.8119047241892
t197	71377.71903678024	230.12355204750435	282.22953548733994
t198	72706.93840179985	230.53810698887668	282.0660145628511
t199	73953.83241331359	230.4004091178444	281.87534237553234
t200	75282.15795970848	230.2155301108911	282.5852396584502
t201	76522.5361335898	230.4157098002608	282.7305834575255
t202	77875.6673004599	230.56420035878574	282.83451345565885
t203	79307.98784435137	230.2807290103503	283.4995557832704
t204	80515.72498945595	229.65563992660637	283.5512385362405
t205	81907.81231429089	230.33066820508145	283.6633603429365
t206	83358.18425983218	230.53329381295478	283.7358448060137
t207	84838.33254729438	230.8627473179945	284.00771177427276
t208	86163.3341937306	230.49926023008416	284.4327902598167
t209	87562.260999574	230.29452662840876	284.3347121294242
t210	89165.68927090324	230.9582762697359	284.402840212367
t211	90702.3987867381	231.20513401155443	285.4586016176769
t212	92091.79831437256	231.51817589514553	285.4139843596433
t213	93610.74563246316	231.87558938951693	286.0832952681975
t214	95055.83102947279	232.42200716349012	286.27355452319057
t215	96634.99355380706	232.46611662443567	286.51163630669055
t216	98261.24453397607	233.1350293744522	286.53571000046463
t217	99827.96825643517	233.6373785658713	286.60312634920865
t218	101359.15767600358	233.33991834103398	286.17304801900826
t219	102844.11550373911	233.02402832306086	286.5136692979575
t220	104512.63024052812	233.2523228204597	286.73727698795796
t221	106257.81406793531	233.48465883831116	285.93765718359236
t222	108018.25394737168	233.64322878128985	285.7031315291762
t223	109925.227936615	233.9357112213985	285.00239638953275
t224	111938.30981006971	234.77391337079635	284.97019862019073
t225	113823.98518037981	234.65982564497978	285.4728719024904
t226	115736.87766718306	234.9090088742058	285.51441189554396
t227	117625.47688899911	234.7345335434472	286.23996418820013
t228	119815.94663953032	235.34351853767274	287.57754626813556
t229	121834.18205724542	234.50976389914604	288.29044150961414
t230	123566.74003801533	234.18444693431155	288.8848132467851
t231	125213.71686181615	233.36184929459867	289.085670953199
t232	126617.66279098767	232.29189896070466	288.848462906618
t233	128009.47493648298	231.22337419547958	289.43570655075894
t234	129418.58195890214	230.1380081734244	288.8811955695666
t235	130778.18919317126	229.03862353415627	288.99375146370915
t236	132018.9884735044	228.46001604093374	289.04283062683135
t237	133394.26938123698	227.50510040776555	287.8662011983997
t238	134624.27944275577	226.87624045416243	287.85977131475727
t239	135884.94324305007	225.36150531999016	287.61973525448724
t240	137266.11326976502	224.4963664054631	286.80559491038247
t241	138481.18629159455	224.51728477520368	286.52993504275156
t242	139696.90822641394	224.7918136086304	286.0109531741315
t243	140801.31907060812	225.26412795270443	285.5537817196792
t244	141821.72619977663	225.39585219502936	285.2744709025355
t245	142821.43503339737	225.90946675095384	284.07287581379
t246	143835.46428866673	225.61629157982622	283.6806587130056
t247	144739.50059195567	225.72850604064485	282.8596531113046
t248	145707.38896339937	225.7390312393741	281.6794979068313
t249	146793.96642020156	223.54004649944494	280.23662057534466
t250	147922.87069910718	223.18967530797653	279.7510073109084
t251	148726.06418191714	224.1076807328435	278.92058503613504
t252	149486.19710293182	223.50822272620854	278.6252192152985
t253	150377.43325949673	223.47882683821265	278.56492324971805
t254	151229.1714648486	223.50810051965254	278.79345685730095
t255	152057.3213812006	223.6545132783413	278.4297049586206
t256	152862.61071483788	223.87956601559614	279.14855901351484
t257	153731.0873449607	223.92869148812355	279.8254586674673
t258	154534.87601051264	225.19241539417104	280.60340313669235
t259	155598.71352798594	227.3902070826908	279.7455254893077
t260	156424.7542531807	228.9715275317221	279.421189480847
t261	157317.36255313037	230.12460324073356	279.3712219021338
t262	158021.4292473949	231.20027736351878	278.5001156110721
t263	159060.83635630523	234.58471537844807	278.8154738821311
t264	159889.67703105623	236.92237178284273	278.5955009430523
t265	160903.7913366973	241.5964571839961	278.9034771014636
t266	161791.6347532146	247.25815784137367	278.78047313658874
t267	162519.33050302352	250.25400960086967	279.99216145485843
t268	163127.96012787797	252.06791818990607	281.6736696497652
t269	163896.9019620034	253.25255424762778	282.24047751826055
t270	164427.74536760358	252.98447138713485	282.48306101100354
t271	165031.3088580455	254.5472057615723	284.7677004352195
t272	165620.19609347318	259.31644702788856	289.58816614549005
t273	166026.08435275697	266.7096010267875	295.8391798793039
t274	166304.05320552253	280.58256387893726	307.1782564800482
t275	166464.08786445856	302.2799227344709	326.5170829793977
t276	166545.03810390705	332.1782757811529	356.32954309931995
t277	166571.2786534877	362.75997967506356	387.467689915772
t278	166577.2907974318	383.47062506309754	408.02278911023024
t279	166580.83861043365	396.0084946929593	419.6749971557565
t280	166582.51197763704	400.20992546055305	424.2720253186695
t281	166584.04485220884	403.3960148864333	427.6751748598169
t282	166584.6083031047	404.55030395493964	428.70725788083917
