p0.05	1.9e-05	1.7e-05	1e-06
p0.051	2e-05	1.7e-05	1e-06
p0.052	2e-05	1.7e-05	1e-06
p0.053	2e-05	1.7e-05	1e-06
p0.054	2e-05	1.7e-05	1e-06
p0.055	2e-05	1.7e-05	1e-06
p0.056	2e-05	1.7e-05	1e-06
p0.057	2e-05	1.7e-05	1e-06
p0.058	2e-05	1.8e-05	1e-06
p0.059	2.1e-05	1.8e-05	1e-06
p0.06	2.1e-05	1.8e-05	1e-06
p0.061	2.2e-05	1.8e-05	1e-06
p0.062	2.3e-05	2.1e-05	1e-06
p0.063	2.3e-05	2.3e-05	1e-06
p0.064	2.7e-05	2.3e-05	1e-06
p0.065	2.7e-05	2.3e-05	1e-06
p0.066	2.7e-05	2.3e-05	1e-06
p0.067	2.7e-05	2.4e-05	1e-06
p0.068	2.7e-05	2.6e-05	1e-06
p0.069	2.7e-05	2.7e-05	1e-06
p0.07	2.7e-05	2.7e-05	1e-06
p0.071	2.7e-05	2.7e-05	1e-06
p0.072	2.9e-05	2.7e-05	1e-06
p0.073	2.9e-05	2.7e-05	1e-06
p0.074	2.9e-05	2.9e-05	1e-06
p0.075	2.9e-05	2.9e-05	1e-06
p0.076	3.9e-05	3.2e-05	1e-06
p0.077	3.9e-05	3.2e-05	1e-06
p0.078	3.9e-05	3.7e-05	1e-06
p0.079	3.9e-05	3.7e-05	1e-06
p0.08	3.9e-05	3.7e-05	1e-06
p0.081	3.9e-05	3.7e-05	1e-06
p0.082	4.1e-05	3.9e-05	1e-06
p0.083	4.4e-05	4.2e-05	1e-06
p0.084	4.4e-05	4.3e-05	1e-06
p0.085	4.4e-05	4.3e-05	1e-06
p0.086	4.4e-05	4.3e-05	1e-06
p0.087	4.7e-05	4.4e-05	1e-06
p0.088	4.8e-05	4.4e-05	1e-06
p0.089	4.8e-05	4.7e-05	1e-06
p0.09	4.9e-05	4.7e-05	1e-06
p0.091	5e-05	4.7e-05	1e-06
p0.092	5.1e-05	5e-05	1e-06
p0.093	5.1e-05	5e-05	1e-06
p0.094	8.9e-05	5.1e-05	1e-06
p0.095	9e-05	5.3e-05	1e-06
p0.096	9e-05	5.4e-05	1e-06
p0.097	9e-05	5.4e-05	1e-06
p0.098	9e-05	6.8e-05	1e-06
p0.099	9e-05	6.9e-05	1e-06
p0.1	9.1e-05	6.9e-05	1e-06
p0.101	9.4e-05	7.1e-05	1e-06
p0.102	9.4e-05	8.2e-05	1e-06
p0.103	0.000116	8.3e-05	1e-06
p0.104	0.000118	8.8e-05	1e-06
p0.105	0.000118	9.2e-05	1e-06
p0.106	0.000118	0.000105	1e-06
p0.107	0.000118	0.000106	1e-06
p0.108	0.000126	0.000109	1e-06
p0.109	0.000147	0.00011	1e-06
p0.11	0.000199	0.000114	1e-06
p0.111	0.000199	0.000115	1e-06
p0.112	0.000201	0.000117	1e-06
p0.113	0.000203	0.000117	1e-06
p0.114	0.000208	0.000117	1e-06
p0.115	0.000211	0.000117	1e-06
p0.116	0.000212	0.000131	1e-06
p0.117	0.000227	0.000132	1e-06
p0.118	0.000228	0.000133	1e-06
p0.119	0.000233	0.000139	1e-06
p0.12	0.000233	0.000153	1e-06
p0.121	0.000241	0.000192	1e-06
p0.122	0.000242	0.000206	1e-06
p0.123	0.000246	0.000206	1e-06
p0.124	0.000247	0.000213	1e-06
p0.125	0.000249	0.000215	1e-06
p0.126	0.000302	0.000215	1e-06
p0.127	0.000305	0.000236	1e-06
p0.128	0.00031	0.000245	1e-06
p0.129	0.000319	0.000263	1e-06
p0.13	0.000319	0.000293	1e-06
p0.131	0.000428	0.000325	1e-06
p0.132	0.00043	0.000339	1e-06
p0.133	0.000479	0.00046	1e-06
p0.134	0.00049	0.000465	1e-06
p0.135	0.000495	0.000471	1e-06
p0.136	0.000645	0.000474	1e-06
p0.137	0.000649	0.000485	1e-06
p0.138	0.000663	0.000531	1e-06
p0.139	0.000673	0.000591	1e-06
p0.14	0.000698	0.000677	1e-06
p0.141	0.000721	0.000681	1e-06
p0.142	0.000725	0.00071	1e-06
p0.143	0.000911	0.000821	1e-06
p0.144	0.000955	0.000831	1e-06
p0.145	0.000965	0.000883	1e-06
p0.146	0.000999	0.00093	1e-06
p0.147	0.001034	0.000955	1e-06
p0.148	0.00112	0.00108	1e-06
p0.149	0.001894	0.001153	1e-06
p0.15	0.001925	0.001629	1e-06
p0.151	0.00195	0.001666	1e-06
p0.152	0.001961	0.001695	1e-06
p0.153	0.002009	0.001993	1e-06
p0.154	0.002961	0.002422	1e-06
p0.155	0.003018	0.002776	1e-06
p0.156	0.00325	0.002809	1e-06
p0.157	0.003412	0.003274	1e-06
p0.158	0.006704	0.005721	1e-06
p0.159	0.007042	0.006978	1e-06
p0.16	0.010898	0.007131	1e-06
p0.161	0.011163	0.008217	1e-06
p0.162	0.011543	0.009872	1e-06
p0.163	0.01312	0.010207	1e-06
p0.164	0.028441	0.016396	1e-06
p0.165	0.070367	0.006909	1e-06
p0.166	0.078075	0.005122	1e-06
p0.167	0.086055	0.004459	1e-06
p0.168	0.090385	0.002018	1e-06
p0.169	0.104562	0.001116	1e-06
p0.17	0.110626	0.001082	1e-06
p0.171	0.115152	0.001107	1e-06
p0.172	0.118679	0.00112	1e-06
p0.173	0.123844	0.000508	1e-06
p0.174	0.126827	0.000516	1e-06
p0.175	0.129542	0.000527	1e-06
p0.176	0.132274	0.000535	1e-06
p0.177	0.134404	0.000549	1e-06
p0.178	0.137429	0.00044	1e-06
p0.179	0.140296	0.000443	1e-06
p0.18	0.142948	0.000499	1e-06
p0.181	0.145502	0.000506	1e-06
p0.182	0.148101	0.000517	1e-06
p0.183	0.150935	0.000144	1e-06
p0.184	0.153396	0.000144	1e-06
p0.185	0.155929	0.000102	1e-06
p0.186	0.158467	0.000114	1e-06
p0.187	0.160675	0.000116	1e-06
p0.188	0.163457	0.000118	1e-06
p0.189	0.166091	0.000118	2e-06
p0.19	0.16856	0.000118	2e-06
p0.191	0.170877	8e-05	2e-06
p0.192	0.173374	5.1e-05	2e-06
p0.193	0.17591	5.9e-05	2e-06
p0.194	0.178566	6.5e-05	2e-06
p0.195	0.180917	6.5e-05	2e-06
p0.196	0.18355	6.5e-05	2e-06
p0.197	0.186021	6.5e-05	2e-06
p0.198	0.188444	6.5e-05	2e-06
p0.199	0.190935	6.5e-05	2e-06
p0.2	0.193384	6.5e-05	2e-06
p0.201	0.196015	6.5e-05	2e-06
p0.202	0.198425	6.5e-05	2e-06
p0.203	0.200758	6.5e-05	2e-06
p0.204	0.203194	6.5e-05	2e-06
p0.205	0.205878	7e-05	2e-06
p0.206	0.208548	7e-05	2e-06
p0.207	0.211341	7.5e-05	2e-06
p0.208	0.214553	8.6e-05	2e-06
p0.209	0.217955	8.6e-05	2e-06
p0.21	0.22117	9.5e-05	2e-06
p0.211	0.224915	9.5e-05	2e-06
p0.212	0.228082	9.5e-05	3e-06
p0.213	0.231625	9.5e-05	3e-06
p0.214	0.235021	2e-05	3e-06
p0.215	0.239383	1.8e-05	3e-06
p0.216	0.242929	1.8e-05	3e-06
p0.217	0.247125	1.8e-05	3e-06
p0.218	0.252123	1.8e-05	3e-06
p0.219	0.256108	1.8e-05	1.5e-05
p0.22	0.260117	1.8e-05	1.5e-05
p0.221	0.265488	1.8e-05	1.5e-05
p0.222	0.269535	1.5e-05	1.5e-05
p0.223	0.277129	1.5e-05	1.5e-05
p0.224	0.284304	1.5e-05	1.5e-05
p0.225	0.291533	1.5e-05	1.5e-05
p0.226	0.300251	2e-05	1.5e-05
p0.227	0.307161	2e-05	1.5e-05
p0.228	0.318532	2e-05	1.5e-05
p0.229	0.329399	2e-05	1.5e-05
p0.23	0.339199	2e-05	1.5e-05
p0.231	0.351028	2e-05	4.3e-05
p0.232	0.358848	2e-05	4.3e-05
p0.233	0.375149	2e-05	4.3e-05
p0.234	0.389665	2e-05	7.3e-05
p0.235	0.404088	2e-05	7.3e-05
p0.236	0.4224	1e-05	7.3e-05
p0.237	0.437619	1e-05	7.4e-05
p0.238	0.456116	1e-05	7.4e-05
p0.239	0.468287	1e-05	7.4e-05
p0.24	0.481831	1.1e-05	7.4e-05
p0.241	0.502	1.1e-05	7.4e-05
p0.242	0.525527	9e-06	7.4e-05
p0.243	0.548009	9e-06	0.000143
p0.244	0.569565	9e-06	0.000143
p0.245	0.59091	7e-06	0.000946
p0.246	0.616541	7e-06	0.000946
p0.247	0.648033	7e-06	0.001965
p0.248	0.667071	7e-06	0.001962
p0.249	0.686669	7e-06	0.015315
p0.25	0.7112	7e-06	0.055306
p0.251	0.734292	7e-06	0.041227
p0.252	0.756757	7e-06	0.038226
p0.253	0.771977	7e-06	0.032573
p0.254	0.790994	7e-06	0.028202
p0.255	0.812092	5e-06	0.015936
p0.256	0.828686	5e-06	0.011377
p0.257	0.841243	5e-06	0.008801
p0.258	0.851293	5e-06	0.00858
p0.259	0.856991	5e-06	0.006822
p0.26	0.87793	5e-06	0.004963
p0.261	0.883121	5e-06	0.004948
p0.262	0.889924	5e-06	0.004772
p0.263	0.897801	3e-06	0.004058
p0.264	0.90331	3e-06	0.003032
p0.265	0.910008	3e-06	0.002419
p0.266	0.913653	3e-06	0.002412
p0.267	0.920455	3e-06	0.001351
p0.268	0.923572	3e-06	0.001301
p0.269	0.9287	3e-06	0.001189
p0.27	0.933056	3e-06	0.000774
p0.271	0.935061	3e-06	0.000774
p0.272	0.937573	3e-06	0.000758
p0.273	0.939395	3e-06	0.000758
p0.274	0.940372	3e-06	0.000754
p0.275	0.941594	3e-06	0.000667
p0.276	0.942225	3e-06	0.000667
p0.277	0.944108	1e-06	0.00046
p0.278	0.944867	1e-06	0.00046
p0.279	0.945395	1e-06	0.00046
p0.28	0.946449	1e-06	0.000437
p0.281	0.946676	1e-06	0.000437
p0.282	0.947194	1e-06	0.000434
p0.283	0.947923	1e-06	0.000433
p0.284	0.94868	1e-06	0.000433
p0.285	0.948879	1e-06	0.000433
p0.286	0.949225	1e-06	0.000425
p0.287	0.949739	1e-06	0.000414
p0.288	0.950802	1e-06	0.000414
p0.289	0.951701	1e-06	0.000294
p0.29	0.952245	1e-06	0.000294
p0.291	0.952466	1e-06	0.000294
p0.292	0.952628	1e-06	0.000294
p0.293	0.952842	1e-06	0.000294
p0.294	0.953042	1e-06	0.000294
p0.295	0.953317	1e-06	0.000292
p0.296	0.953643	1e-06	0.000292
p0.297	0.953886	1e-06	0.000285
p0.298	0.954451	1e-06	0.000232
p0.299	0.954716	1e-06	0.000232
p0.3	0.954887	1e-06	0.000232
