t0	10.537722908132666	237.88889508108034	157.07407509765727
t1	16.088734588852184	373.36119726754606	903.5556718655652
t2	16.13280000365927	579.8400032544739	648.9600604042732
t3	16.911179704124503	580.0555656875428	649.2593354505868
t4	28.556605757567937	356.62319129843	363.2899047323234
t5	37.6047863851701	356.55823070663405	361.7791462295995
t6	39.42234570042089	356.7445358377361	362.11122537315174
t7	39.42234570042089	356.7445358377361	362.11122537315174
t8	40.436813518157834	356.76351816464654	362.0430986757093
t9	40.07967407557986	356.7447534622408	362.0639280040164
t10	39.80055403517065	356.7684974570147	362.0948495918444
t11	29.83192275006987	659.1979790558179	894.8124441261149
t12	29.83207567954985	659.2165627300856	894.8659272968393
t13	29.83207567954985	659.2165627300856	894.8659272968393
t14	29.83207567954985	659.2165627300856	894.8659272968393
t15	29.83207567954985	659.2165627300856	894.8659272968393
t16	29.83207567954985	659.2165627300856	894.8659272968393
t17	29.83207567954985	659.2165627300856	894.8659272968393
t18	29.83207567954985	659.2165627300856	894.8659272968393
t19	25.90776454419674	404.7981515954537	689.6969404182182
t20	26.183052145323764	404.7380029016224	689.7572592396427
t21	26.40344673443841	404.84776797334735	689.7999844628275
t22	75.59565237591706	403.9857866226987	691.0565357404465
t23	80.44913225288744	404.6046064501027	692.1038275008048
t24	84.86735883931472	405.4776865017004	690.9531771389613
t25	85.09507755958043	405.5188472977005	690.9676367759361
t26	96.72788828415749	406.9330591425582	691.0546794427441
t27	119.01821599036842	408.68727014395137	691.8993682377421
t28	119.13105342225558	408.78751983632367	691.8948302995358
t29	119.16492121236072	408.87173167890376	691.9215249597286
t30	119.33814226140953	408.93405485440684	691.96950284002
t31	119.75371450676236	408.90265572453507	692.1656416092893
t32	119.69782349662835	408.9410458013755	692.183671063535
t33	120.00614669970696	408.98164555414905	692.1912667155118
t34	125.76390946335104	408.475865798653	691.5012549364134
t35	127.26967800598814	408.563682490015	691.5563842173407
t36	127.26967800598814	408.563682490015	691.5563842173407
t37	127.07509380669299	408.5572623430247	691.5399854341696
t38	127.07509380669299	408.5572623430247	691.5399854341696
t39	126.55055573227705	408.56196069867224	691.5173843748008
t40	126.55055573227705	408.56196069867224	691.5173843748008
t41	126.55055573227705	408.56196069867224	691.5173843748008
t42	126.55055573227705	408.56196069867224	691.5173843748008
t43	126.55055573227705	408.56196069867224	691.5173843748008
t44	126.55055573227705	408.56196069867224	691.5173843748008
t45	126.55055573227705	408.56196069867224	691.5173843748008
t46	126.55055573227705	408.56196069867224	691.5173843748008
t47	126.55055573227705	408.56196069867224	691.5173843748008
t48	126.55055573227705	408.56196069867224	691.5173843748008
t49	240.54618431772053	827.2556800931746	276.2954688800773
t50	267.8491306679205	831.5132411117684	279.9966139343392
t51	279.50252372493503	832.5225352953657	279.46622894725726
t52	409.7813205176752	838.6693346589195	278.24963603821584
t53	456.5037202640952	839.4697532843751	277.3004061848619
t54	467.35744620351977	839.2530226508537	276.4642622463552
t55	466.6476754677593	839.2113189437692	276.52796007401713
t56	475.5867962166493	838.7603563399178	276.3937809502678
t57	487.20308569675393	838.3575602750476	276.1544539124088
t58	497.7943022276836	838.2514953985428	276.56617652668604
t59	505.6382162772683	838.1048912812234	276.90326531133
t60	539.6777798502729	838.3354203687501	275.85933447078526
t61	616.4618095787721	840.6205102302396	277.4214348352513
t62	672.9152993136759	842.2687049377663	276.81392642349715
t63	684.1649151954991	842.4484711795783	276.67738916824425
t64	711.8359834311126	842.8434977600022	275.92783370308706
t65	767.8619516873936	843.1238784525746	275.75220268296124
t66	832.8529276242921	842.5619288391389	275.46262436806046
t67	879.238310588084	841.9090530858648	275.40136460804086
t68	964.0444891851694	842.8250690766687	275.27687759280946
t69	1000.8415671899755	842.7553318737405	275.2611250375835
t70	1115.5777931390576	844.0565883650885	276.4770536485261
t71	1171.1198917073953	844.6418996859886	276.72878686484665
t72	1246.8907096654114	843.5125952488784	276.61226222443344
t73	1294.1876009086177	843.5661601838393	277.2799970352308
t74	1336.0300461515244	843.3831789922943	278.14104153656757
t75	1424.7263260117297	843.8128349395116	277.82457195930965
t76	1513.0405606897593	844.6399248979865	278.7683491772261
t77	1568.689441170875	844.7152003940822	279.0971724265254
t78	1663.0061063470005	844.2796442435283	278.5693156121311
t79	1876.34633479808	843.4073338411304	275.1459384380805
t80	1964.2211773695037	843.3242253377966	275.5967355035085
t81	2089.6401215252395	843.3321126277598	274.8808950741776
t82	2212.8897007915707	842.1394626800627	274.25188046829584
t83	2328.9107565415925	841.4690270930101	273.5559303995848
t84	2453.527589730031	841.7784486071347	273.5781136054867
t85	2536.6371307479944	841.4202670348775	273.65919438116396
t86	2650.981334679949	841.9515818317602	273.9761189080644
t87	2886.322880965549	839.253081379448	274.3932206045739
t88	2997.515997452112	839.151806606114	273.7834074851769
t89	3131.68904518588	838.3313208341974	273.9774102707867
t90	3378.8638357375753	837.3976662474832	274.02967420364297
t91	3573.1849175815705	837.936404921415	274.9304691461171
t92	3756.2236022147526	837.0318606244998	274.747388770224
t93	3860.714357998564	836.5952788632788	274.73184634104547
t94	4081.396374588645	837.1808085283016	274.19923886296334
t95	4218.782504133303	837.244178820536	274.23644524206776
t96	4402.363359415706	836.07908763874	274.9137526823819
t97	4564.903446567838	835.1871591206553	275.2699601392982
t98	4690.165627763033	834.9876612127829	275.4730386223508
t99	4848.504047173612	834.2206801828518	275.77933171037284
t100	4992.812204658966	833.1129292480999	275.9519776069592
t101	5124.214274601766	832.6903232672812	276.0262796746905
t102	5327.1303549889135	831.4224961807804	276.26114384938904
t103	5539.241349986161	829.4736666647937	276.7837521082306
t104	5744.804439097954	828.7413492268048	275.97752541368743
t105	5959.872072665641	827.9916073213519	276.2637931740856
t106	6168.53723118267	826.4489215295459	276.08971624708363
t107	6395.610833735081	825.0334388717949	276.8768708032931
t108	6663.401679588217	825.0814567520117	276.5451737605236
t109	6930.790651212172	824.026717880605	277.7073211045011
t110	7175.161615356557	823.7399290085838	278.26843465904494
t111	7490.82411044518	822.8130493906051	278.9106373174263
t112	7693.391170198202	822.5241718838865	278.97654250888917
t113	7983.92952353414	821.6334456279764	278.6976231322186
t114	8205.241530422563	820.676168302917	279.5048638035166
t115	8406.810424366911	820.0206591050612	279.751842612002
t116	8676.917527006743	819.0652039952943	280.07654993276327
t117	8888.327041905166	818.7106978738213	279.9741277327861
t118	9124.72879830721	817.7435644134179	279.58910942836894
t119	9365.938043859553	817.3437931116872	280.1221382122496
t120	9596.992504202424	816.8826320181144	280.26824744481075
t121	9834.548122984885	816.4441618421378	280.03358966345644
t122	10186.987015881738	816.1137526325824	280.4688360913006
t123	10496.232585473594	814.8960566025995	280.4412312468515
t124	10851.816224386452	814.1623090419649	280.4896980837334
t125	11202.63079815832	813.8596256176941	279.87894010638405
t126	11573.861599883905	813.773619901865	280.0232578902729
t127	11936.459487716858	814.1611908094659	279.2798237935015
t128	12283.719431826179	814.0892792626263	278.63127004626216
t129	12794.543049594366	814.6202293902599	279.75055241178853
t130	13141.17033181983	815.1105248425262	280.337039042748
t131	13515.563495294296	815.0567342839396	280.5177038874379
t132	13912.668169166738	815.2715353165785	280.56024006585824
t133	14201.689218056272	815.2453725400334	280.995173833279
t134	14510.32339439515	815.4211472370348	281.7012924916621
t135	14896.942161881752	815.3440827873868	281.78416836143543
t136	15283.585615205366	815.0746578282806	281.76776165458165
t137	15708.220924832314	815.256664388701	282.2340898133876
t138	16167.597526659698	813.9553004315476	282.9733143020126
t139	16523.712718954914	813.3133965005411	283.2039296406119
t140	16978.002900654938	813.1467990684415	282.7235571766875
t141	17411.006692186795	812.5274236853729	282.94018298692004
t142	17883.88802968901	812.909194898852	283.3670132080046
t143	18335.942122216784	812.1725970700933	284.3554010438233
t144	18904.15816641276	812.4829432313522	284.8546547896726
t145	19367.437939954034	812.4529262661129	285.001218606714
t146	19847.232730612825	812.3119402307369	285.5923346396929
t147	20421.19851202537	812.2465528690515	285.6575699232941
t148	21055.97442267093	812.5294925583619	285.78022054431824
t149	21596.23952588515	812.1054485969472	286.7603602188491
t150	22098.480500868693	812.8324415894832	287.0179555036623
t151	22658.900712970866	813.0617310010047	287.5761344566194
t152	23346.89107725778	813.2954178502696	287.21357372306545
t153	24051.02119581744	813.7281929985861	287.59033969011807
t154	24605.264614376712	814.2932706730732	287.67130757733736
t155	25265.74997567204	814.4923852883795	287.58079124371557
t156	25832.526882022317	814.8694016035045	287.20160385658806
t157	26470.633699093265	815.813112190831	287.91222697076915
t158	27043.508084266046	816.3833687268909	287.34942295321343
t159	27559.02463226457	816.192056281082	286.8403137568109
t160	28223.229752014173	816.4379744526541	286.5568796206455
t161	28872.07173722184	816.9571529367163	286.2208675962746
t162	29471.26926032234	817.208201944385	286.03710318912516
t163	30148.15188766585	816.8357559828995	285.57364489728764
t164	30851.597289695357	817.0681976510077	285.4026771524821
t165	31476.32249183791	817.0738507249137	285.052145981088
t166	32226.407065244883	817.6633093737533	284.8915910039123
t167	33004.98471850454	818.296534173473	284.341544411815
t168	33711.58099745965	818.3436369546201	283.96728124140105
t169	34485.96121616733	819.07825448911	283.3234434197249
t170	35242.149289027155	819.6669527681898	282.94459508596447
t171	35843.55928039301	819.7335610364024	282.9247461201609
t172	36675.223660882766	819.6394029988769	282.5381232934357
t173	37461.2116908981	819.722385142076	282.4756366534835
t174	38288.12568432702	819.9714943242298	282.4150137396768
t175	39017.3204231699	819.9798336696143	282.8709421487498
t176	39699.20970774558	819.9778457577452	282.5249014407993
t177	40719.91678316184	820.7319521039266	283.4126907027568
t178	41479.88457578633	821.1709670688196	283.3956182259754
t179	42378.93709822632	821.7461932888804	283.47459193979364
t180	43208.89405240195	822.3580656755666	282.75432554599615
t181	43993.29253278983	822.7153081758288	282.9724096906189
t182	44719.13829523742	823.0816438400273	282.9741741864116
t183	45665.28288147272	823.2705156608904	282.13367965596876
t184	46420.060125303346	823.7304668644246	281.72885195697813
t185	47160.94764290585	823.9907613501223	281.434182134139
t186	47849.87194341637	824.356026632776	280.8292713669313
t187	48692.22507385688	825.3580496121006	280.3608805697437
t188	49574.34030289957	826.4001487789583	280.6838767866394
t189	50403.41144078558	827.167367416346	280.80677076570623
t190	51180.16771504322	827.4467336673447	280.44144565543934
t191	52032.340365771146	827.3238175637923	280.61186883737986
t192	52843.75595538723	827.4868937045939	279.95284382303834
t193	53675.820174027496	828.4478134312327	279.74326548500574
t194	54460.86142884537	828.9229249646219	280.01253278301107
t195	55118.532083862534	829.2697527296467	279.7111459984988
t196	55801.116848067664	829.7540071057455	279.68060148047135
t197	56660.37278024932	830.4379707991415	279.3895717504943
t198	57443.67622004909	831.1192666513853	279.2403357305428
t199	58167.60678166553	831.5270832224605	279.2895632133733
t200	58942.76488559265	832.1776074226337	279.0297536921854
t201	59661.714450317	832.4053332648128	278.8611381701708
t202	60408.629590130055	832.4215203801219	278.58896958791183
t203	61198.99123103043	832.8882544916647	279.28817419141865
t204	61893.20142527513	832.7062346477101	279.3963651733997
t205	62704.251184234796	833.4344920151595	279.19680846822905
t206	63433.750694048984	833.6000311348524	279.1892664932426
t207	64279.5642780556	833.846462297592	279.6638613314025
t208	65078.307673137606	833.5928738936427	280.06780880176717
t209	65805.45526093605	833.659398771476	280.5178134790942
t210	66911.34579564852	834.4834111264512	280.1850808799313
t211	67833.16299553748	834.4158035435951	280.1838718020746
t212	68616.72867388786	834.5024781141944	280.62157897092135
t213	69439.69355232496	834.7983650434888	280.66865326287643
t214	70265.5825090252	834.9924715129958	281.2445660620947
t215	71134.06609426456	834.9178780567166	281.9311956533994
t216	71950.51985901741	835.0538910814745	282.24873253980036
t217	72741.95651542697	835.5387390368596	282.5624489797847
t218	73635.82705972945	835.6140363691087	282.8901539885036
t219	74796.6934524404	835.7056305292467	283.7129979471719
t220	75793.43684579544	836.1175935354092	284.5711119265135
t221	76826.15534039758	836.5637391356529	285.73086002696874
t222	77788.4417897645	836.4988170886087	286.4807818864263
t223	78841.49599892886	836.6569130537188	287.38935337225877
t224	79901.53304940544	837.1379816044996	287.9079764905427
t225	81038.43375250102	837.3878737045725	288.4985356819866
t226	82048.31418015993	837.6674671038346	288.87922646402967
t227	83022.43370043823	837.7959397763375	289.07621273808047
t228	84040.64494346293	837.8247161426848	289.25260960247573
t229	85159.13403710435	838.2549733419816	289.8510111798929
t230	86193.61262525263	838.1071867588207	290.07572401524504
t231	87319.42962784512	838.5099511547442	291.43528417135485
t232	88381.83111737439	838.7607056982273	292.06654444702735
t233	89588.46102312542	838.6603580592182	292.73903272048364
t234	90606.9131954375	838.7525307666393	293.5138569175432
t235	91685.10497546534	838.8752235088618	294.0056906451025
t236	92804.1791340989	838.7035083919927	294.57438300551416
t237	93969.20655660534	838.2468667435345	294.6795285669025
t238	95100.46661001629	838.1612408850438	295.2040944971618
t239	96302.06058652782	838.4849263397911	295.6647749941393
t240	97474.90058067224	838.5147014868348	296.2282114446467
t241	98668.85220822743	839.0268502627895	296.349654277162
t242	99750.8348630267	838.7957949329143	296.64945440953744
t243	100842.83319498696	838.8138539950537	296.9937926748566
t244	102061.53382896046	838.4148248631594	296.63259563093254
t245	103436.34118987435	838.76448007808	296.6969420257446
t246	104807.52628598637	839.5067647314747	295.9929849378025
t247	106099.50109868949	839.9175059806818	295.9498977080972
t248	107356.69893183638	839.9337784239214	295.70004584961686
t249	108869.25913946121	839.5187830601161	295.1370919614025
t250	110229.79771839974	839.9535962273386	295.2602959385363
t251	111529.71264980972	840.4203497017323	295.2205992840715
t252	112983.70480774481	841.0943117386287	295.4468059217719
t253	114456.59558799362	841.9004926166651	295.2059187561537
t254	116020.70039521539	842.1253324407816	295.0689722289717
t255	117161.38467825015	841.9251073200708	295.0791301176987
t256	118209.54652477764	842.0897750997333	295.0602552862502
t257	119331.08489601669	841.6998436596576	295.37120784389225
t258	120450.11070335464	842.0244728847941	295.78353252325377
t259	121420.02611933036	842.5377425568746	295.2982754390302
t260	122329.28926876943	842.7277518067707	294.95585006509856
t261	123229.69475992426	843.0263959541313	294.0369280845401
t262	124183.06243977915	842.8603794437056	293.7128635118
t263	125211.68380460243	843.1179222407175	293.14729024334815
t264	126279.55921270419	843.4890755725007	292.9757108239346
t265	127307.90940139725	844.2250609224902	292.6558872970425
t266	128283.66574405952	844.2512329752096	291.6922041677698
t267	129242.43885001903	844.4811067555061	291.2731203579721
t268	130160.94827026947	844.5518070262331	290.721342359936
t269	131070.44113414701	844.546097200314	291.1435234650408
t270	131979.96239273492	845.3035226501097	291.32337175847744
t271	132736.61182150114	845.4627573750622	291.6863630557537
t272	133481.48687440256	845.2628840787705	291.7033139127769
t273	134389.52040113788	844.9531861431465	292.0636920910256
t274	135164.87054885327	844.4702702677027	291.98107347597875
t275	135988.22875125508	843.4270753560646	291.7596586371641
t276	137094.97620936297	841.9897264220731	293.33373736909493
t277	137848.69722091442	841.2550825941281	293.18696122825264
t278	138689.27353225325	840.4281602357938	293.7479980220952
t279	139561.5507590032	840.0413333604158	293.6058808906072
t280	140319.30802593692	839.2785452547955	294.5081270120023
t281	141100.07520298217	838.6129191036508	295.3059609748297
t282	141801.48732728357	838.5587739628985	295.0812396662623
t283	142561.98437693316	837.8674556665536	295.2781559800473
t284	143179.70155328666	837.3217612977472	295.286219427455
t285	143944.46530626234	835.1257407782589	295.15280121173953
t286	144753.16153508518	833.4395117306345	295.39221675799394
t287	145443.41791671267	832.9403206999685	295.70053447020507
t288	146194.61172486932	832.4726463652586	295.6327497794904
t289	146956.5115335528	831.959830645573	296.1546597252601
t290	147724.2702080658	831.6750085762174	296.6008681297874
t291	148402.65927875665	830.8590909339164	297.151442725167
t292	149078.844586488	830.5661381216898	297.8344353437393
t293	149684.3223597573	830.4916929331082	297.64066604472384
t294	150311.40111122656	829.8149575313282	297.5199982113958
t295	150994.054578102	828.1455970300153	297.3547679704748
t296	151652.3856748586	826.515530307507	297.29014926916716
t297	152350.78603537654	825.0885528570915	297.820277843097
t298	153054.42211421955	823.4976090400658	297.79684694432024
t299	153846.41769178514	822.3034464118796	298.3237557209899
t300	154498.15396396385	821.0663678632475	299.4051923409503
t301	155137.1344983652	820.5490400152179	299.7516653043906
t302	155827.5015298711	819.6609011766901	299.7287834353278
t303	156443.73831148515	819.0740551438676	300.79974571202706
t304	156939.95005350947	818.6294419159808	301.23160739624626
t305	157430.54716806862	818.0118593723798	301.81430514432543
t306	157879.52250628837	817.8627327374217	302.1468545949679
t307	158303.1832697949	817.68931866219	303.2707013959561
t308	158741.62162337216	817.6191022565296	304.136520231034
t309	159131.03168885503	817.0450060390864	303.79918007706704
t310	159458.4847493083	816.866800999077	304.0033628124776
t311	159943.34816450247	816.0716034316246	304.2273091662334
t312	160380.01269169868	814.8976746517918	304.5807814737916
t313	160759.91483597335	815.0919460684745	305.03731787530614
t314	161223.42102446983	814.8234579131697	305.8910187987104
t315	161716.44104134056	815.4566771640683	306.49426964164564
t316	162112.27717415744	814.4284584548334	306.08886652482806
t317	162583.0501388914	813.2603099363608	305.9850612780987
t318	162978.84371883946	813.9535309303081	305.3833260264217
t319	163280.5100182957	814.0620537016888	305.50207813387414
t320	163648.62435923805	813.3271793159307	305.0780944704956
t321	164050.8876317849	813.1364223069891	304.8931137445459
t322	164457.54940207707	813.2767888350272	303.05501011639143
t323	164739.59842261593	813.5464925410405	303.08263169437464
t324	165038.4226719575	812.6994056178759	302.54541006921716
t325	165427.1033676845	811.3295348550839	303.30232200724157
t326	165717.3221493177	810.5739612877571	303.67536633066726
t327	166087.11126523945	810.5040606456536	300.33051595128853
t328	166369.34507915797	809.100945272206	293.5597498054554
t329	166533.35189612213	806.1428404576267	275.221055923593
t330	166613.11786764005	800.5169424541791	180.62239532593816
t331	166612.19236226694	792.6728005545748	938.4996823129326
t332	166628.15708968375	782.7784230949239	884.4802407655399
t333	166633.57236711914	773.1314238822475	871.9869900580265
t334	166636.03952049022	764.8360205002945	868.2812240650596
t335	166636.72698294517	762.8087891596954	867.6652508422603
t336	166636.95081687215	762.1281593041383	867.7043439633975
